0 --- 1e-05
[0.59726944 0.60007555 0.59368591 0.59679421 0.60478169]
1 --- 0.0001
[0.59683773 0.60099293 0.59487318 0.597172   0.6054833 ]
2 --- 0.001
[0.59678377 0.60077708 0.59476525 0.59781963 0.60510551]
3 --- 0.01
[0.59694566 0.60072311 0.59465731 0.5977117  0.60483566]
4 --- 0.1
[0.59699962 0.60072311 0.59465731 0.5977117  0.6049436 ]
5 --- 1
[0.59624413 0.60039933 0.59535888 0.59614658 0.60737223]
6 --- 10
[0.53925854 0.52085694 0.53588775 0.5254466  0.5545901 ]
7 --- 100
[0.52290756 0.52377098 0.53437669 0.52663393 0.5203195 ]
8 --- 1000
[0.52431061 0.52101883 0.53453859 0.53143721 0.53402774]